0.5039615
0.441326
0.441326
0.43020752
0.42433536
0.34746492
0.3677432
0.46135753
0.46392754
0.4306652
0.46897283
0.4742182
0.4086963
0.46341276
0.4515592
0.45912093
0.47155148
0.4807724
0.408158
0.46753418
0.43826753
0.4292532
0.45907182
0.42285275
0.4547272
0.37060732
0.46940196
0.4444415
0.46693298
0.43643808
0.42974976
0.42974976
0.43096444
0.41838256
0.4489831
0.44374955
0.43628582
0.43628582
0.41126034
0.44990718
0.46152523
0.33872855
0.47410285
0.47850657
0.31958506
0.47493276
0.4661979
0.37239292
0.44782248
0.42695493
0.4565375
0.46046463
0.4662037
0.44982278
0.42945352
0.4768662
0.3876093
0.43316078
0.43316078
0.47102928
0.46195015
0.46195015
0.47909048
0.47998095
0.43704954
0.45701385
0.4444482
0.49142605
0.47053578
0.45078394
0.45078394
0.46528646
0.47931054
0.41244557
0.47375277
0.49233612
0.35564405
0.36317393
0.36317393
0.42935982
0.46538353
0.4158356
0.47204095
0.39493617
0.46060586
0.42855784
0.46022338
0.4682184
0.3826427
0.4266764
0.46478617
0.4918326
0.42887017
0.42887017
0.48433104
0.47149277
0.4738306
0.47407258
0.473469
0.44904342